Date: 2023-03-28     Mooring File Name: moor007.mat     Mooring Name: moor007.mat

 # Mooring Element   Length[m] Buoy[kg] Height[m]    dZ[m]   dX[m]   dY[m]   Tension[kg]   Angle[deg]
                                        (middle)                             Top  Bottom   Top Bottom
  1 4 Vinies on 3/4" Polys0.01   100.00    140.65      0.0     0.0     0.0    0.0  100.0   0.0   0.0
  2 1/2" Shackle          0.05    -0.31    140.62      0.0     0.0     0.0  100.0   99.7   0.0   0.0
  3 1/2" Shackle          0.05    -0.31    140.57      0.0     0.0     0.0   99.7   99.4   0.0   0.0
  4 SBE37                 0.63    -2.80    140.23      0.0     0.0     0.0   99.4   96.6   0.0   0.0
  5 SBE37-SMP with frame  0.90   -13.07                                      96.6   84.8   0.0   0.0
  6 1/2" Shackle          0.05    -0.31    138.99      0.0     0.0     0.0   84.8   84.5   0.0   0.0
  7 1/2" Sling Link       0.08    -0.22    138.92      0.0     0.0     0.0   84.5   84.3   0.0   0.0
  8 7/16" Shackle         0.04    -0.19    138.86      0.0     0.0     0.0   84.3   84.1   0.0   0.0
  9 1/4" Tenex           24.63    -0.01                                      84.1   83.9   0.0   0.0
 10 7/16" Shackle         0.04    -0.19    114.19      0.0     0.0     0.0   83.9   83.7   0.0   0.0
 11 1/2" Shackle          0.05    -0.31    114.15      0.0     0.0     0.0   83.7   83.4   0.0   0.0
 12 AF36 w WH600+SBE37 ODO0.01   100.00    114.12      0.0     0.0     0.0   83.4  183.4   0.0   0.0
 13 1/2" Shackle          0.05    -0.31    114.09      0.0     0.0     0.0  183.4  183.1   0.0   0.0
 14 1/2" Shackle          0.05    -0.31    114.04      0.0     0.0     0.0  183.1  182.8   0.0   0.0
 15 SeapHox in Frame      0.01   100.00    114.01      0.0     0.0     0.0  182.8  282.8   0.0   0.0
 16 1/2" Shackle          0.05    -0.31    113.98      0.0     0.0     0.0  282.8  282.4   0.0   0.0
 17 1/2" Shackle          0.05    -0.31    113.93      0.0     0.0     0.0  282.4  282.1   0.0   0.0
 18 Miller C212           0.15    -1.07    113.83      0.0     0.0     0.0  282.1  281.1   0.0   0.0
 19 1/2" Shackle          0.05    -0.31    113.73      0.0     0.0     0.0  281.1  280.7   0.0   0.0
 20 1/2" Sling Link       0.08    -0.22    113.66      0.0     0.0     0.0  280.7  280.5   0.0   0.0
 21 7/16" Shackle         0.04    -0.19    113.60      0.0     0.0     0.0  280.5  280.3   0.0   0.0
 22 5/16" Amsteel II+    27.51    -0.01                                     280.3  280.1   0.0   0.0
 23 7/16" Shackle         0.04    -0.19     86.05      0.0     0.0     0.0  280.1  279.9   0.0   0.0
 24 1/2" Shackle          0.05    -0.31     86.00      0.0     0.0     0.0  279.9  279.6   0.0   0.0
 25 SB30                  0.87   166.00     85.54      0.0     0.0     0.0  279.6  445.6   0.0   0.0
 26 1/2" Shackle          0.05    -0.31     85.08      0.0     0.0     0.0  445.6  445.3   0.0   0.0
 27 SM2M+ in Frame        1.30   -11.78     84.41      0.0     0.0     0.0  445.3  433.5   0.0   0.0
 28 1/2" Shackle          0.05    -0.31     83.73      0.0     0.0     0.0  433.5  433.2   0.0   0.0
 29 1/2" Shackle          0.05    -0.31     83.68      0.0     0.0     0.0  433.2  432.9   0.0   0.0
 30 SM2M+ in Frame        1.30   -11.78     83.01      0.0     0.0     0.0  432.9  421.1   0.0   0.0
 31 1/2" Shackle          0.05    -0.31     82.33      0.0     0.0     0.0  421.1  420.8   0.0   0.0
 32 1/2" Shackle          0.05    -0.31     82.28      0.0     0.0     0.0  420.8  420.5   0.0   0.0
 33 Aquadopp+SBE37        1.10   -10.52     81.71      0.0     0.0     0.0  420.5  409.9   0.0   0.0
 34 Aquadopp+SBE37ODO     1.10   -10.52     80.61      0.0     0.0     0.0  409.9  399.4   0.0   0.0
 35 1/2" Shackle          0.05    -0.31     80.03      0.0     0.0     0.0  399.4  399.1   0.0   0.0
 36 1/2" Shackle          0.05    -0.31     79.98      0.0     0.0     0.0  399.1  398.8   0.0   0.0
 37 Miller C212           0.15    -1.07     79.88      0.0     0.0     0.0  398.8  397.7   0.0   0.0
 38 1/2" Shackle          0.05    -0.31     79.78      0.0     0.0     0.0  397.7  397.4   0.0   0.0
 39 1/2" Sling Link       0.08    -0.22     79.72      0.0     0.0     0.0  397.4  397.2   0.0   0.0
 40 7/16" Shackle         0.04    -0.19     79.66      0.0     0.0     0.0  397.2  397.0   0.0   0.0
 41 5/16" Amsteel II+    74.05    -0.01                                     397.0  396.3   0.0   0.0
 42 7/16" Shackle         0.04    -0.19      5.57      0.0     0.0     0.0  396.3  396.1   0.0   0.0
 43 1/2" Shackle          0.05    -0.31      5.52      0.0     0.0     0.0  396.1  395.8   0.0   0.0
 44 AF44 w WH150+SBE37 ODO0.01   100.00      5.49      0.0     0.0     0.0  395.8  495.8   0.0   0.0
 45 1/2" Shackle          0.05    -0.31      5.46      0.0     0.0     0.0  495.8  495.5   0.0   0.0
 46 1/2" Shackle          0.05    -0.31      5.41      0.0     0.0     0.0  495.5  495.2   0.0   0.0
 47 MillerC3              0.01    -1.00      5.38      0.0     0.0     0.0  495.2  494.2   0.0   0.0
 48 1/2" Shackle          0.05    -0.31      5.35      0.0     0.0     0.0  494.2  493.9   0.0   0.0
 49 5/8" Shackle          0.06    -0.67      5.30      0.0     0.0     0.0  493.9  493.2   0.0   0.0
 50 AR861 B2S             0.01    15.00      5.26      0.0     0.0     0.0  493.2  508.2   0.0   0.0
 51 Drop Link             0.01    -1.00      5.25      0.0     0.0     0.0  508.2  507.2   0.0   0.0
 52 1" Polysteel          5.15     0.04                                     507.2  507.4   0.0   0.0
 53 7/8" Shackle          0.08    -1.57      0.06      0.0     0.0     0.0  507.4  505.8   0.0   0.0
 54 1" Chain              0.01    -1.00      0.01      0.0     0.0     0.0  505.8  504.8   0.0   0.0
 55 Anchor                0.01 -1500.00      0.01      0.0     0.0     0.0     504.8       0.0

Height[m]    U [m/s]    V [m/s]    W [m/s] Density [kg/m^3]
  167.00       0.00       0.00       0.00    1024.00
   27.00       0.00       0.00       0.00    1025.00
    0.00       0.00       0.00       0.00    1026.00

This is a sub-surface solution.
Total Tension on Anchor [kg] = 504.8
Vertical load [kg] = 504.8  Horizontal load [kg] = 0.0
Safe wet anchor mass = 757.2 [kg] = 1665.9 [lb]
Safe dry steel anchor mass = 870.4 [kg] = 1914.9 [lb]
Safe dry concrete anchor mass = 1165.0 [kg] = 2563.0 [lb]
Weight under anchor = -995.2 [kg]  (negative is down)
